wheat 0 0 0 0 0 0 0 0.27671726 0.28594116 0.41507588 -3.88264795 2.20487893 -8.56475069 -0.0748601
wheat 0 0 0 0 0 0 0 0.27671726 0.09223909 0.1106869 -1.94516543 2.01516814 -8.71602279 -0.0748601
wheat 0 0 0 0 0 0 0 0.19370208 0.20292599 0.19370208 -1.90982178 2.2150883 -8.68373911 -0.0748601
wheat 0 0 0 0 0 0 0 0.44274761 0.23059771 0.44274761 -2.28443643 2.04246352 -8.52139832 -0.0748601
wheat 0 0 0 0 0 0 0 0.47041933 0.25826944 0.27671726 -2.33307119 2.28198141 -8.53707896 -0.0748601
wheat 0 0 0 0 0 0 0 0.24904553 0.23059771 0.33206071 -1.29805785 2.01010904 -8.77782298 -0.0748601
wheat 0 0 0 0 0 0 0 0.2213738 0.14758254 0.08301518 -0.95531459 1.94277905 -8.93186225 -0.0748601
wheat 0 0 0 0 0 0 0 0.47041933 0.34128461 0.16603035 -0.86354081 1.85912253 -8.7852021 -0.0748601
wheat 0 0 0 0 0 0 0 0.2213738 0.17525426 0.16603035 -0.6349686 2.04547548 -8.8765188 -0.0748601
wheat 0 0 0 0 0 0 0 0.35973243 0.42429979 0.27671726 -0.12548724 1.94436551 -8.77413341 -0.0748601
wheat 0 0 0 0 0 0 0 0.2213738 0.17525426 0.13835863 0.16165366 1.87565581 -8.93739659 -0.0748601
wheat 0 0 0 0 0 0 0 0.38740416 0.28594116 0.24904553 0.4028042 1.92139318 -8.8663725 -0.0748601
wheat 0 0 0 0 0 0 0 0.30438898 0.25826944 0.19370208 2.15232412 1.98812478 -8.83777838 -0.0748601
wheat 0 0 0 0 0 0 0 0.27671726 0.17525426 0.19370208 2.63853429 1.66306468 -8.83408882 -0.0748601
wheat 0 0 0 0 0 0 0 0.27671726 0.17525426 0.2213738 2.9228698 1.69261343 -8.82670969 -0.0748601
wheat 0 0 0 0 0 0 0 0.44274761 0.31361289 0.41507588 2.85038902 1.8978455 -8.79903797 -0.0748601
wheat 0 0 0 0 0 0 0 0.24904553 0.23059771 0.19370208 3.40114674 1.81676433 -8.73908256 -0.0748601
wheat 0 0 0 0 0 0 0 0.24904553 0.42429979 0.2213738 3.58623501 1.80565761 -8.72893626 -0.0748601
wheat 0 0 0 0 0 0 0 0.35973243 0.25826944 0.19370208 4.98418147 1.78498458 -8.80088275 -0.0748601
wheat 0 0 0 0 0 0 0 0.35973243 0.17525426 0.16603035 5.12008299 1.63604472 -8.81379622 -0.0748601
wheat 0 0 0 0 0 0 0 0.55343451 0.23059771 0.33206071 6.05860854 1.39730844 -8.70679888 -0.0748601
wheat 0 0 0 0 0 0 0 0.30438898 0.36895634 0.13835863 6.02112646 1.72386312 -8.87098445 -0.0748601
wheat 0 0 0 0 0 0 0 0.24904553 0.17525426 0.19370208 6.10604767 1.63517066 -8.95399963 -0.0748601
wheat 0 0 0 0 0 0 0 0.30438898 0.31361289 0.2213738 -4.93389679 -1.13130868 -8.11739113 -0.0748601
wheat 0 0 0 0 0 0 0 0.41507588 0.25826944 0.1106869 -4.66469216 -1.25417203 -8.13491655 -0.0748601
wheat 0 0 0 0 0 0 0 0.33206071 0.17525426 0.19370208 -4.52200702 -1.25099873 -8.14875242 -0.0748601
wheat 0 0 0 0 0 0 0 0.2213738 0.09223909 0.13835863 -4.26354105 -1.0483882 -8.13952851 -0.0748601
wheat 0 0 0 0 0 0 0 0.27671726 0.17525426 0.19370208 -4.37881593 -1.03141772 -8.17826892 -0.0748601
wheat 0 0 0 0 0 0 0 0.19370208 0.09223909 0.16603035 -4.22569106 -1.38237032 -8.20963021 -0.0748601
wheat 0 0 0 0 0 0 0 0.24904553 0.11991081 0.19370208 -4.02110281 -1.15814429 -8.1303046 -0.0748601
wheat 0 0 0 0 0 0 0 0.19370208 0.14758254 0.16603035 -3.87460054 -1.44940138 -8.21239739 -0.0748601
wheat 0 0 0 0 0 0 0 0.35973243 0.14758254 0.16603035 -3.04182982 -1.50723448 -8.14229568 -0.0748601
wheat 0 0 0 0 0 0 0 0.63644969 0.25826944 0.33206071 -0.79517696 -1.52126211 -8.36459188 -0.0748601
wheat 0 0 0 0 0 0 0 0.49809106 0.20292599 0.16603035 -0.63565938 -1.66364835 -8.40702185 -0.0748601
wheat 0 0 0 0 0 0 0 0.58110624 0.20292599 0.30438898 -0.48182159 -1.7214353 -8.41993533 -0.0748601
wheat 0 0 0 0 0 0 0 0.47041933 0.17525426 0.16603035 -0.36541987 -1.43972128 -8.55644917 -0.0748601
wheat 0 0 0 0 0 0 0 0.2213738 0.28594116 0.13835863 -0.21528434 -1.63320283 -8.60994784 -0.0748601
wheat 0 0 0 0 0 0 0 0.19370208 0.25826944 0.2213738 -0.04436111 -1.63584732 -8.553682 -0.0748601
wheat 0 0 0 0 0 0 0 0.58110624 0.31361289 0.30438898 0.22385475 -1.68556298 -8.48911464 -0.0748601
wheat 0 0 0 0 0 0 0 0.52576279 0.34128461 0.38740416 0.59989511 -1.48159575 -8.47527878 -0.0748601
wheat 0 0 0 0 0 0 0 0.58110624 0.56265842 0.27671726 0.89388858 -1.5452695 -8.47804595 -0.0748601
wheat 0 0 0 0 0 0 0 0.60877796 0.28594116 0.47041933 2.02711436 -1.86428203 -8.30555886 -0.0748601
wheat 0 0 0 0 0 0 0 0.58110624 0.45197152 0.35973243 2.41536517 -1.60850665 -8.42546967 -0.0748601
wheat 0 0 0 0 0 0 0 0.27671726 0.34128461 0.33206071 3.49738067 -1.93200322 -8.37935013 -0.0748601
wheat 0 0 0 0 0 0 0 0.16603035 0.31361289 0.55343451 -4.88963069 0.32221715 -8.53892375 -0.0748601
wheat 0 0 0 0 0 0 0 0.27671726 0.20292599 0.2213738 -3.84551119 0.3197564 -8.28526626 -0.0748601
wheat 0 0 0 0 0 0 0 0.27671726 0.17525426 0.13835863 -3.68861505 0.21641599 -8.41993533 -0.0748601
wheat 0 0 0 0 0 0 0 0.24904553 0.23059771 0.16603035 -2.64943946 0.39469742 -8.44852944 -0.0748601
wheat 0 0 0 0 0 0 0 0.44274761 0.45197152 0.35973243 -2.25569285 0.44008982 -8.40702185 -0.0748601
wheat 0 0 0 0 0 0 0 0.44274761 0.28594116 0.19370208 -1.82476301 0.50026812 -8.41716815 -0.0748601
wheat 0 0 0 0 0 0 0 0.58110624 0.47964324 0.19370208 -2.02438426 0.37926749 -8.42085772 -0.0748601
wheat 0 0 0 0 0 0 0 0.27671726 0.17525426 0.30438898 -0.80511046 0.19624849 -8.6643689 -0.0748601
wheat 0 0 0 0 0 0 0 0.41507588 0.14758254 0.16603035 -0.64715649 0.27967499 -8.57950894 -0.0748601
wheat 0 0 0 0 0 0 0 0.41507588 0.34128461 0.38740416 -0.42964501 0.25688671 -8.60349111 -0.0748601
wheat 0 0 0 0 0 0 0 0.30438898 0.23059771 0.16603035 -0.20631573 0.33633502 -8.71971235 -0.0748601
wheat 0 0 0 0 0 0 0 0.30438898 0.17525426 0.13835863 0.01574881 0.37425403 -8.80457231 -0.0748601
wheat 0 0 0 0 0 0 0 0.30438898 0.53498669 0.16603035 1.06729569 0.07616715 -8.60625828 -0.0748601
wheat 0 0 0 0 0 0 0 0.30438898 0.23059771 0.35973243 1.33606349 0.21880623 -8.6745152 -0.0748601
wheat 0 0 0 0 0 0 0 0.27671726 0.45197152 0.19370208 1.54000778 0.11378716 -8.73723778 -0.0748601
wheat 0 0 0 0 0 0 0 0.49809106 0.39662807 0.41507588 1.88042854 0.07715574 -8.57212982 -0.0748601
wheat 0 0 0 0 0 0 0 0.52576279 0.20292599 0.16603035 1.96017586 0.14147326 -8.57305221 -0.0748601
wheat 0 0 0 0 0 0 0 0.33206071 0.20292599 0.13835863 2.15791145 -0.00932923 -8.65883456 -0.0748601
wheat 0 0 0 0 0 0 0 0.60877796 0.23059771 0.35973243 2.17449098 -0.02259746 -8.60533589 -0.0748601
wheat 0 0 0 0 0 0 0 0.58110624 0.34128461 0.16603035 2.39404902 -0.07976355 -8.62286131 -0.0748601
wheat 0 0 0 0 0 0 0 0.49809106 0.20292599 0.2213738 2.46255172 0.09362015 -8.57212982 -0.0748601
wheat 0 0 0 0 0 0 0 0.24904553 0.47964324 0.2213738 2.64039646 -0.08806487 -8.6846615 -0.0748601
wheat 0 0 0 0 0 0 0 0.47041933 0.20292599 0.19370208 2.80225963 0.05981714 -8.51863115 -0.0748601
wheat 0 0 0 0 0 0 0 0.44274761 0.20292599 0.13835863 2.87393557 -0.16847911 -8.56567308 -0.0748601
wheat 0 0 0 0 0 0 0 0.44274761 0.17525426 0.2213738 2.99500526 -0.0711865 -8.55460439 -0.0748601
wheat 0 0 0 0 0 0 0 0.38740416 0.20292599 0.19370208 3.24850423 -0.00880061 -8.6044135 -0.0748601
wheat 0 0 0 0 0 0 0 0.27671726 0.25826944 0.24904553 3.5486834 -0.05166372 -8.60533589 -0.0748601
wheat 0 0 0 0 0 0 0 0.47041933 0.20292599 0.13835863 3.43598402 0.06131167 -8.53523418 -0.0748601
wheat 0 0 0 0 0 0 0 0.27671726 0.28594116 0.30438898 3.56494104 0.10343882 -8.51494158 -0.0748601
wheat 0 0 0 0 0 0 0 0.33206071 0.14758254 0.16603035 3.78282045 0.11022235 -8.59795676 -0.0748601
wheat 0 0 0 0 0 0 0 0.35973243 0.23059771 0.24904553 4.08838041 -0.26788761 -8.61271501 -0.0748601
wheat 0 0 0 0 0 0 0 0.41507588 0.39662807 0.16603035 4.52094295 -0.02561041 -8.60256872 -0.0748601
wheat 0 0 0 0 0 0 0 0.52576279 0.28594116 0.27671726 5.17614481 -0.15707407 -8.60072393 -0.0748601
wheat 0 0 0 0 0 0 0 0.35973243 0.28594116 0.27671726 4.89643135 -0.12499571 -8.67635998 -0.0748601
wheat 0 0 0 0 0 0 0 0.38740416 0.11991081 0.13835863 5.42716023 -0.38679606 -8.5739746 -0.0748601
wheat 0 0 0 0 0 0 0 0.08301518 0.11991081 0.13835863 5.48469418 -0.43366026 -8.66067934 -0.0748601
wheat 0 0 0 0 0 0 0 0.24904553 0.17525426 0.13835863 5.68086614 -0.35865001 -8.58965524 -0.0748601
wheat 0 0 0 0 0 0 0 0.30438898 0.25826944 0.13835863 5.80382138 -0.50754388 -8.59795676 -0.0748601
wheat 0 0 0 0 0 0 0 0.41507588 0.31361289 0.16603035 5.90233281 -0.30403649 -8.57028504 -0.0748601
wheat 0 0 0 0 0 0 0 0.47041933 0.17525426 0.16603035 6.01436536 -0.36423792 -8.56106113 -0.0748601
wheat 0 0 0 0 0 0 0 0.60877796 0.23059771 0.13835863 6.10922053 -0.28347885 -8.60164632 -0.0748601
wheat 0 0 0 0 0 0 0 0.13835863 0.17525426 0.19370208 6.19480857 -0.46194452 -8.62562849 -0.0748601
wheat 0 0 0 0 0 0 0 0.2213738 0.25826944 0.16603035 6.10689807 -0.06778398 -8.56751786 -0.0748601
